1	1	"a"	"Dec 30 2016, 13:24:42"	1	3	3	3	3	3	3	3	1	4
2	1	"b"	"Feb 10 2017, 19:03:48"	2	2	2	2	2	3	2	2	2	1
3	1	"c"	"Feb 18 2017,  0:17:50"	2	2	2	4	2	3	3	3	3	2
4	1	"d"	"Feb 02 2017,  9:10:34"	4	2	2	3	2	1	3	2	3	3
5	2	"a"	"Jan 26 2017, 23:31:30"	3	1	1	3	1	2	2	3	2	2
6	2	"b"	"Jan 25 2017,  0:45:27"	3	2	4	4	2	2	2	1	3	2
7	2	"c"	"Jan 20 2017,  6:12:19"	3	2	1	3	2	3	2	3	3	2
8	2	"d"	"Jan 12 2017,  4:16:51"	3	2	3	2	3	2	3	2	3	2
9	3	"a"	"Jan 26 2017,  8:25:01"	3	2	2	3	2	1	2	2	3	3
10	3	"b"	"Jan 26 2017,  3:55:42"	3	2	3	4	2	3	2	3	2	1
11	3	"c"	"Jan 23 2017, 17:41:27"	3	2	3	1	3	2	2	1	3	4
12	3	"d"	"Feb 06 2017, 12:00:10"	2	2	2	2	2	1	2	2	2	3
13	4	"a"	"Jan 21 2017, 12:40:14"	4	3	4	3	3	3	1	3	2	3
14	4	"b"	"Mar 07 2017,  5:22:10"	3	2	2	3	1	2	3	2	2	3
15	4	"c"	"Jan 12 2017, 18:28:09"	2	2	2	2	2	3	3	3	3	3
16	4	"d"	"Feb 05 2017, 22:15:51"	3	2	2	3	2	3	2	4	2	3
17	5	"a"	"Jan 09 2017, 12:52:38"	4	2	4	3	3	3	2	3	2	2
18	5	"b"	"Jan 21 2017,  1:22:43"	4	1	3	2	3	2	3	3	2	2
19	5	"c"	"Jan 30 2017,  7:49:29"	3	1	4	2	3	3	2	3	3	2
20	5	"d"	"Mar 01 2017, 14:53:39"	2	3	3	3	2	2	2	2	3	3
21	6	"a"	"Jan 17 2017, 22:01:21"	3	2	2	3	3	2	3	3	2	3
22	6	"b"	"Jan 21 2017, 17:45:34"	3	2	3	2	1	4	2	2	2	5
23	6	"c"	"Jan 31 2017, 18:43:53"	3	2	2	3	3	2	3	1	4	3
24	6	"d"	"Jan 29 2017,  5:21:25"	2	2	2	3	2	3	1	1	1	1
25	7	"a"	"Jan 14 2017, 22:24:59"	3	1	2	3	3	3	3	3	2	3
26	7	"b"	"Feb 15 2017, 22:45:18"	3	0	3	3	3	3	2	2	3	4
27	7	"c"	"Jan 28 2017, 12:05:09"	2	1	4	2	3	2	1	2	2	2
28	7	"d"	"Feb 10 2017,  4:44:57"	3	1	4	2	1	3	3	3	3	2
29	8	"a"	"Jan 26 2017,  6:28:00"	2	1	3	3	3	2	3	2	2	2
30	8	"b"	"Feb 04 2017, 17:31:40"	2	3	3	2	2	3	2	3	3	3
31	8	"c"	"Jan 25 2017, 12:22:27"	2	3	3	4	3	2	3	2	1	2
32	8	"d"	"Feb 09 2017,  7:11:29"	2	2	3	3	3	1	3	1	3	3
33	9	"a"	"Feb 08 2017,  1:02:52"	1	2	2	3	4	2	2	2	3	2
34	9	"b"	"Jan 11 2017, 19:28:37"	2	1	2	3	2	0	4	3	3	3
35	9	"c"	"Jan 21 2017, 14:19:23"	1	2	3	3	3	4	2	3	2	2
36	9	"d"	"Jan 31 2017, 21:57:02"	2	3	3	2	3	2	1	3	1	2
37	10	"a"	"Jan 29 2017, 20:46:39"	2	2	3	3	2	3	2	3	2	3
38	10	"b"	"Feb 02 2017, 18:00:11"	3	2	2	2	4	2	5	3	3	2
39	10	"c"	"Jan 28 2017, 17:46:43"	2	2	2	2	2	2	3	3	2	3
40	10	"d"	"Jan 28 2017,  6:05:12"	2	2	2	2	3	3	2	3	1	1
41	11	"a"	"Jan 26 2017,  9:12:21"	2	2	3	0	2	1	3	2	3	3
42	11	"b"	"Feb 01 2017,  8:34:06"	2	2	3	3	1	1	2	3	2	3
43	11	"c"	"Jan 12 2017, 13:00:31"	3	2	3	2	2	3	3	3	2	4
44	11	"d"	"Jan 26 2017,  5:00:13"	3	2	2	3	3	3	3	4	2	2
45	12	"a"	"Jan 22 2017,  1:19:34"	4	2	1	3	3	2	1	3	3	3
46	12	"b"	"Jan 05 2017, 17:17:17"	2	2	4	3	3	2	3	4	2	3
47	12	"c"	"Jan 28 2017,  6:18:46"	4	2	2	2	2	2	4	2	3	5
48	12	"d"	"Feb 01 2017, 21:38:38"	2	1	4	2	2	2	3	3	3	2
49	13	"a"	"Jan 18 2017, 20:44:50"	2	1	3	4	2	3	3	2	3	3
50	13	"b"	"Jan 27 2017, 12:38:39"	3	1	3	3	2	2	3	3	3	4
51	13	"c"	"Feb 07 2017,  5:12:00"	4	1	3	4	4	1	3	2	3	3
52	13	"d"	"Feb 18 2017, 21:36:15"	2	2	3	2	4	2	3	2	3	3
53	14	"a"	"Feb 11 2017,  3:49:19"	3	2	3	2	3	3	3	2	3	2
54	14	"b"	"Jan 12 2017,  5:25:34"	1	1	2	3	3	3	2	4	3	2
55	14	"c"	"Jan 14 2017, 22:09:04"	2	2	3	1	3	2	1	3	2	3
56	14	"d"	"Feb 15 2017, 13:00:34"	1	1	2	1	3	2	1	3	3	4
57	15	"a"	"Jan 31 2017,  3:20:12"	2	2	2	3	4	2	2	3	2	3
58	15	"b"	"Feb 07 2017,  6:35:20"	1	2	2	3	2	2	2	4	3	2
59	15	"c"	"Jan 08 2017,  3:38:48"	3	2	4	2	2	4	3	2	2	3
60	15	"d"	"Jan 22 2017, 12:11:38"	1	2	3	2	3	2	3	3	1	4
61	16	"a"	"Jan 10 2017, 18:06:22"	3	2	4	3	3	3	3	2	3	4
62	16	"b"	"Jan 21 2017,  5:30:49"	4	2	2	3	2	3	4	2	3	2
63	16	"c"	"Jan 26 2017, 11:29:48"	3	2	2	3	4	2	2	2	3	2
64	16	"d"	"Jan 29 2017,  2:09:41"	2	1	3	3	3	3	1	3	2	2
65	17	"a"	"Jan 25 2017, 19:07:00"	2	3	3	2	1	2	3	2	2	1
66	17	"b"	"Jan 27 2017,  4:17:55"	3	3	3	3	3	2	2	3	1	3
67	17	"c"	"Jan 25 2017, 20:45:55"	2	2	3	3	3	2	2	3	4	2
68	17	"d"	"Jan 19 2017,  7:42:00"	2	3	2	3	2	2	2	2	3	1
69	18	"a"	"Feb 07 2017,  9:45:04"	2	3	1	3	2	2	3	2	2	2
70	18	"b"	"Jan 12 2017, 20:26:56"	3	2	3	2	2	3	1	4	1	2
71	18	"c"	"Feb 04 2017, 22:25:31"	3	2	1	3	3	3	2	2	3	2
72	18	"d"	"Feb 10 2017, 13:45:02"	3	1	3	3	3	3	2	1	2	2
73	19	"a"	"Jan 22 2017,  1:20:47"	2	3	1	3	3	2	3	2	2	1
74	19	"b"	"Feb 09 2017,  7:43:49"	2	2	3	3	2	1	3	3	3	3
75	19	"c"	"Jan 30 2017, 12:27:12"	1	3	3	1	3	2	4	2	2	2
76	19	"d"	"Jan 26 2017, 23:41:31"	1	1	4	3	3	2	3	2	3	1
77	20	"a"	"Feb 08 2017,  3:39:09"	3	1	3	2	3	2	2	2	2	4
78	20	"b"	"Feb 08 2017,  5:12:18"	3	0	3	3	3	1	3	2	2	1
79	20	"c"	"Feb 05 2017,  2:33:31"	2	2	1	3	3	3	3	3	1	1
80	20	"d"	"Jan 22 2017,  2:30:31"	3	2	2	3	2	3	1	3	2	2
81	21	"a"	"Jan 20 2017,  4:09:30"	2	4	2	1	3	2	2	3	3	3
82	21	"b"	"Dec 31 2016, 23:09:54"	4	2	2	1	2	1	3	2	2	3
83	21	"c"	"Jan 22 2017,  3:55:02"	2	1	2	3	3	4	2	3	4	3
84	21	"d"	"Feb 07 2017, 17:03:30"	2	2	2	3	3	1	2	3	2	3
85	22	"a"	"Jan 12 2017,  8:18:19"	2	1	3	2	3	3	3	3	3	3
86	22	"b"	"Jan 31 2017, 17:00:04"	3	1	2	2	3	3	3	2	3	1
87	22	"c"	"Jan 20 2017, 14:12:56"	2	2	3	3	3	4	2	3	3	2
88	22	"d"	"Jan 16 2017,  1:30:11"	2	1	3	3	2	3	3	2	3	2
89	23	"a"	"Jan 23 2017, 18:02:27"	2	3	3	3	1	2	2	1	3	1
90	23	"b"	"Feb 11 2017, 20:09:58"	1	0	2	3	3	4	2	2	2	4
91	23	"c"	"Feb 17 2017, 23:25:11"	1	2	3	3	2	2	3	4	3	3
92	23	"d"	"Feb 10 2017, 19:54:52"	3	2	2	2	3	2	4	4	4	2
93	24	"a"	"Jan 15 2017,  3:56:58"	3	2	3	3	2	2	4	2	2	2
94	24	"b"	"Feb 01 2017, 11:21:20"	2	2	2	3	3	3	2	3	2	2
95	24	"c"	"Feb 03 2017,  1:33:25"	2	2	3	3	2	3	2	3	3	4
96	24	"d"	"Feb 08 2017,  9:39:17"	2	2	3	3	2	3	4	2	1	3
97	25	"a"	"Feb 10 2017, 17:08:25"	4	2	2	2	2	3	3	3	1	4
98	25	"b"	"Jan 11 2017,  5:59:35"	2	3	3	2	3	4	3	1	3	4
99	25	"c"	"Jan 22 2017,  6:46:59"	2	1	2	2	3	3	3	3	2	1
100	25	"d"	"Feb 16 2017,  9:16:10"	3	2	4	2	3	2	3	3	2	3
101	26	"a"	"Feb 09 2017,  5:07:48"	3	3	2	3	1	3	0	2	3	3
102	26	"b"	"Jan 26 2017, 11:48:23"	4	2	1	2	2	1	3	2	2	2
103	26	"c"	"Feb 14 2017, 15:07:51"	3	1	2	4	2	3	0	2	2	2
104	26	"d"	"Jan 19 2017,  9:55:59"	2	3	3	1	2	2	2	2	2	2
105	27	"a"	"Jan 16 2017,  8:07:58"	2	2	1	4	3	3	2	2	3	1
106	27	"b"	"Jan 23 2017, 21:19:38"	2	4	3	2	3	3	2	3	2	3
107	27	"c"	"Feb 06 2017,  2:18:22"	2	1	3	3	2	2	2	2	4	3
108	27	"d"	"Jan 28 2017, 18:34:22"	3	3	3	3	3	1	3	2	2	3
109	28	"a"	"Jan 11 2017,  1:08:47"	3	2	3	2	3	2	2	1	3	3
110	28	"b"	"Jan 31 2017, 15:27:21"	3	2	3	1	3	3	4	3	2	2
111	28	"c"	"Jan 26 2017, 23:44:19"	2	2	3	3	2	3	2	3	3	3
112	28	"d"	"Feb 01 2017,  1:26:14"	2	3	3	1	3	3	2	3	3	3
113	29	"a"	"Jan 29 2017, 14:38:59"	2	2	2	2	3	3	2	2	2	4
114	29	"b"	"Jan 29 2017, 22:09:10"	3	3	2	3	3	3	3	3	3	2
115	29	"c"	"Feb 21 2017,  5:47:10"	4	3	2	2	1	3	4	2	3	3
116	29	"d"	"Feb 06 2017, 19:28:50"	2	3	1	3	4	2	3	2	2	2
117	30	"a"	"Feb 09 2017, 23:08:29"	2	0	2	5	2	2	3	1	3	2
118	30	"b"	"Jan 20 2017, 10:23:32"	2	3	3	2	2	3	2	2	1	3
119	30	"c"	"Jan 13 2017, 11:09:21"	2	1	2	4	3	3	3	3	3	1
120	30	"d"	"Jan 12 2017, 14:54:36"	2	2	3	3	1	4	2	3	2	3
121	31	"a"	"Jan 31 2017,  9:31:40"	2	2	3	2	3	3	2	3	4	4
122	31	"b"	"Feb 25 2017,  6:39:48"	3	1	1	2	3	2	2	2	2	3
123	31	"c"	"Jan 17 2017,  7:56:00"	2	4	3	3	2	2	4	3	2	2
124	31	"d"	"Feb 03 2017,  5:11:20"	2	3	3	3	2	3	3	3	3	4
125	32	"a"	"Jan 15 2017, 11:51:14"	1	2	3	2	2	2	3	3	3	3
126	32	"b"	"Jan 15 2017, 20:17:19"	3	2	2	2	2	2	2	3	3	3
127	32	"c"	"Jan 31 2017, 16:31:42"	2	2	1	2	3	2	5	3	3	3
128	32	"d"	"Jan 24 2017,  9:32:13"	2	3	2	3	3	3	2	3	1	4
129	33	"a"	"Dec 31 2016, 18:33:08"	2	2	4	3	3	3	3	2	2	1
130	33	"b"	"Jan 10 2017,  7:24:45"	2	1	3	3	2	2	3	3	2	3
131	33	"c"	"Feb 21 2017,  3:31:16"	2	2	2	4	3	2	2	2	3	2
132	33	"d"	"Jan 21 2017, 13:06:06"	2	0	2	3	2	3	3	2	2	3
133	34	"a"	"Jan 24 2017, 20:07:27"	2	3	3	3	4	2	3	3	3	2
134	34	"b"	"Jan 16 2017, 10:21:25"	3	2	1	2	2	2	2	1	2	3
135	34	"c"	"Jan 28 2017, 11:23:01"	2	2	1	3	3	3	2	2	3	3
136	34	"d"	"Feb 02 2017, 12:06:52"	2	2	3	4	2	3	3	3	3	2
137	35	"a"	"Feb 06 2017, 19:53:45"	3	2	3	3	2	3	2	3	1	2
138	35	"b"	"Jan 11 2017,  5:45:43"	1	1	2	2	3	3	2	3	3	3
139	35	"c"	"Jan 28 2017, 12:00:36"	1	1	1	3	3	3	2	2	3	1
140	35	"d"	"Feb 02 2017,  1:40:16"	2	2	2	4	3	3	4	3	3	3
141	36	"a"	"Feb 04 2017, 13:11:34"	2	1	2	3	2	2	3	2	3	2
142	36	"b"	"Dec 30 2016, 12:54:23"	3	3	2	2	2	2	2	1	2	2
143	36	"c"	"Jan 20 2017,  8:10:34"	2	3	3	4	3	3	2	3	1	3
144	36	"d"	"Jan 22 2017, 11:03:31"	2	2	2	2	3	3	3	3	2	3
145	37	"a"	"Feb 03 2017,  2:47:43"	3	3	3	4	2	3	3	4	2	3
146	37	"b"	"Feb 12 2017,  9:18:04"	2	1	3	2	3	1	2	2	2	3
147	37	"c"	"Feb 04 2017,  2:43:50"	2	3	2	3	1	3	1	3	3	2
148	37	"d"	"Feb 01 2017, 22:49:59"	3	1	1	2	3	4	3	2	2	3
149	38	"a"	"Jan 28 2017,  0:35:32"	3	2	4	3	2	3	3	4	3	2
150	38	"b"	"Feb 18 2017,  9:16:24"	3	2	3	2	3	3	3	3	3	2
151	38	"c"	"Jan 30 2017,  1:45:41"	4	2	2	3	2	2	3	4	2	2
152	38	"d"	"Jan 25 2017, 15:46:22"	2	2	2	2	3	2	3	2	2	3
153	39	"a"	"Jan 19 2017,  8:51:01"	3	0	1	3	3	1	2	2	3	2
154	39	"b"	"Jan 29 2017, 15:48:40"	2	3	3	2	3	4	2	3	4	3
155	39	"c"	"Jan 28 2017,  6:55:52"	1	0	3	2	2	4	1	2	2	3
156	39	"d"	"Jan 21 2017, 23:28:33"	3	1	2	3	4	3	3	3	3	1
157	40	"a"	"Jan 26 2017,  2:46:50"	2	3	2	2	4	2	3	2	3	2
158	40	"b"	"Jan 30 2017, 13:16:25"	3	3	3	4	3	4	3	4	2	1
159	40	"c"	"Jan 25 2017,  8:00:19"	2	2	4	4	4	2	2	3	4	2
160	40	"d"	"Feb 01 2017,  4:52:00"	3	2	1	2	3	3	3	3	3	3
161	41	"a"	"Feb 09 2017, 10:41:20"	3	3	2	3	2	3	3	2	4	3
162	41	"b"	"Jan 29 2017,  2:31:12"	2	2	2	4	1	4	4	3	2	3
163	41	"c"	"Feb 17 2017, 15:15:07"	1	1	2	3	3	2	4	2	2	2
164	41	"d"	"Jan 21 2017, 17:01:13"	2	3	4	4	1	3	2	1	1	1
165	42	"a"	"Jan 26 2017,  7:25:27"	3	2	3	4	3	2	3	1	1	2
166	42	"b"	"Jan 20 2017, 13:23:17"	3	1	1	1	2	2	2	2	2	3
167	42	"c"	"Jan 26 2017, 22:12:35"	2	3	2	2	2	2	2	3	2	3
168	42	"d"	"Jan 25 2017, 12:48:51"	4	2	2	3	3	4	1	3	2	2
169	43	"a"	"Jan 29 2017,  2:38:37"	3	2	2	2	2	2	2	2	4	2
170	43	"b"	"Jan 28 2017, 20:03:10"	2	1	1	4	3	2	4	2	3	2
171	43	"c"	"Feb 02 2017, 16:44:51"	2	3	3	4	2	2	2	3	3	1
172	43	"d"	"Jan 19 2017,  3:07:27"	3	2	2	4	3	2	3	2	4	3
173	44	"a"	"Jan 20 2017, 19:35:38"	2	2	2	2	3	2	3	1	3	3
174	44	"b"	"Jan 29 2017, 15:14:46"	2	2	3	3	4	3	2	3	3	2
175	44	"c"	"Feb 28 2017,  4:08:58"	2	1	3	3	3	3	3	3	1	3
176	44	"d"	"Jan 16 2017,  2:58:06"	4	1	3	2	2	2	2	3	3	2
177	45	"a"	"Jan 30 2017, 18:50:08"	1	1	3	3	3	1	2	3	1	3
178	45	"b"	"Jan 20 2017, 12:14:29"	3	2	1	2	3	2	3	3	3	3
179	45	"c"	"Jan 23 2017, 22:17:44"	3	2	2	3	3	3	3	4	3	2
180	45	"d"	"Feb 17 2017,  7:04:20"	3	1	3	3	3	3	3	3	3	3
181	46	"a"	"Jan 13 2017, 16:29:48"	3	2	2	4	3	1	2	1	4	2
182	46	"b"	"Feb 16 2017, 10:44:04"	1	2	2	3	3	1	1	3	2	3
183	46	"c"	"Dec 29 2016,  4:12:15"	3	2	3	3	2	2	2	3	2	2
184	46	"d"	"Jan 18 2017,  0:34:26"	3	1	3	2	3	2	3	2	3	2
185	47	"a"	"Jan 30 2017, 20:11:04"	2	2	3	2	3	3	2	2	2	3
186	47	"b"	"Feb 11 2017,  7:32:22"	3	2	3	2	2	3	2	3	3	2
187	47	"c"	"Jan 17 2017, 21:56:59"	3	2	4	1	3	2	0	3	3	3
188	47	"d"	"Jan 21 2017,  3:07:50"	2	1	2	2	3	3	1	3	2	2
189	48	"a"	"Jan 15 2017, 16:34:47"	3	1	2	4	2	3	2	4	2	2
190	48	"b"	"Jan 29 2017, 11:47:59"	3	2	3	2	3	2	4	3	2	3
191	48	"c"	"Dec 14 2016,  4:57:07"	2	1	3	2	3	2	2	2	3	2
192	48	"d"	"Feb 07 2017, 12:09:31"	4	3	3	1	4	2	2	2	2	3
193	49	"a"	"Jan 21 2017, 10:46:44"	3	3	3	2	4	2	3	3	2	3
194	49	"b"	"Jan 26 2017, 20:08:06"	2	2	2	2	3	4	3	2	4	3
195	49	"c"	"Jan 18 2017,  9:12:52"	2	2	3	2	2	1	3	3	1	2
196	49	"d"	"Jan 31 2017,  6:17:42"	3	3	2	2	2	2	3	2	2	3
197	50	"a"	"Jan 20 2017,  7:21:12"	2	3	2	3	3	4	1	3	2	3
198	50	"b"	"Jan 14 2017, 22:57:37"	1	2	2	3	1	2	3	3	3	3
199	50	"c"	"Jan 06 2017,  8:43:24"	2	1	4	2	2	1	3	2	2	2
200	50	"d"	"Jan 04 2017,  0:42:19"	3	3	3	2	2	3	2	3	3	2
201	51	"a"	"Dec 30 2016,  7:51:03"	2	2	2	3	2	4	4	2	3	3
202	51	"b"	"Jan 10 2017, 23:36:52"	3	1	2	2	2	2	2	3	2	1
203	51	"c"	"Jan 14 2017,  7:31:33"	4	1	2	4	3	1	1	3	3	3
204	51	"d"	"Jan 28 2017, 23:10:10"	2	1	2	2	3	3	2	3	3	3
205	52	"a"	"Jan 05 2017, 22:38:14"	2	1	3	3	2	3	4	2	3	2
206	52	"b"	"Jan 03 2017,  7:58:52"	1	2	3	2	2	1	2	1	4	3
207	52	"c"	"Jan 13 2017, 21:43:54"	2	2	2	2	2	2	3	3	3	3
208	52	"d"	"Dec 28 2016,  2:28:03"	3	2	3	3	1	2	1	3	3	2
209	53	"a"	"Jan 20 2017, 12:23:34"	4	2	1	3	2	3	2	3	2	1
210	53	"b"	"Feb 06 2017, 19:56:07"	2	3	3	3	2	2	3	3	2	3
211	53	"c"	"Jan 25 2017,  9:30:59"	2	2	2	3	3	2	2	2	2	3
212	53	"d"	"Jan 25 2017,  1:15:24"	2	0	2	2	1	3	3	3	2	2
213	54	"a"	"Feb 01 2017,  9:23:30"	4	2	4	3	3	4	2	2	2	3
214	54	"b"	"Jan 15 2017,  1:24:11"	1	3	2	4	3	2	3	2	1	3
215	54	"c"	"Jan 18 2017,  9:00:50"	3	2	2	3	3	2	3	2	2	2
216	54	"d"	"Jan 14 2017,  5:07:16"	2	3	2	1	2	3	3	1	4	3
217	55	"a"	"Jan 31 2017, 23:34:38"	4	3	2	3	2	2	3	3	2	1
218	55	"b"	"Feb 14 2017,  0:55:54"	2	1	2	3	1	4	3	3	2	3
219	55	"c"	"Jan 21 2017, 23:47:22"	2	2	3	2	3	2	2	3	3	1
220	55	"d"	"Jan 26 2017,  4:08:27"	3	3	3	3	4	3	3	3	1	2
221	56	"a"	"Jan 06 2017,  3:54:36"	3	2	3	2	2	2	1	2	3	3
222	56	"b"	"Feb 20 2017, 12:50:42"	4	1	3	2	2	2	2	2	2	3
223	56	"c"	"Feb 07 2017, 16:46:33"	2	2	3	3	3	2	3	3	3	3
224	56	"d"	"Jan 02 2017, 23:49:21"	3	1	3	2	3	3	2	3	2	4
225	57	"a"	"Jan 29 2017, 14:41:47"	2	3	3	3	1	3	3	2	3	2
226	57	"b"	"Feb 02 2017,  6:12:58"	1	3	2	2	2	2	2	1	2	1
227	57	"c"	"Jan 14 2017, 14:28:27"	3	2	1	2	3	3	2	2	2	2
228	57	"d"	"Jan 21 2017,  8:48:21"	1	2	2	3	3	1	4	2	2	2
229	58	"a"	"Feb 12 2017,  3:03:49"	4	0	2	3	2	2	3	2	1	4
230	58	"b"	"Feb 12 2017,  1:34:54"	1	2	2	3	3	3	4	3	3	1
231	58	"c"	"Feb 01 2017, 16:00:43"	2	3	2	2	1	2	2	3	3	1
232	58	"d"	"Jan 13 2017,  3:57:46"	3	2	2	2	3	3	3	3	3	1
233	59	"a"	"Feb 03 2017, 12:01:25"	1	3	2	3	3	2	1	2	3	3
234	59	"b"	"Jan 19 2017,  6:51:34"	1	2	4	2	2	2	2	3	5	3
235	59	"c"	"Jan 07 2017,  1:27:44"	1	3	3	1	2	3	3	2	2	3
236	59	"d"	"Feb 09 2017,  7:24:45"	3	1	2	2	3	2	3	3	2	3
237	60	"a"	"Jan 15 2017,  9:09:57"	2	0	2	2	2	2	2	3	2	2
238	60	"b"	"Feb 13 2017,  5:51:49"	3	2	3	2	3	2	2	2	3	4
239	60	"c"	"Jan 23 2017, 11:34:37"	3	2	3	4	3	4	3	2	4	3
240	60	"d"	"Jan 26 2017, 15:43:17"	3	1	1	3	4	2	2	2	3	3
241	61	"a"	"Jan 16 2017,  2:16:20"	2	3	3	2	3	3	3	3	1	2
242	61	"b"	"Jan 13 2017, 16:03:00"	3	0	4	3	4	3	3	3	3	3
243	61	"c"	"Jan 03 2017, 21:37:33"	2	2	2	4	3	2	2	3	2	3
244	61	"d"	"Jan 27 2017, 12:03:14"	3	1	4	3	2	3	4	1	2	3
245	62	"a"	"Jan 20 2017, 20:44:37"	3	2	3	1	1	3	3	2	3	2
246	62	"b"	"Jan 30 2017,  0:46:21"	2	3	1	1	2	3	2	3	2	2
247	62	"c"	"Feb 08 2017,  6:12:56"	3	2	2	3	3	4	4	1	2	2
248	62	"d"	"Jan 16 2017,  0:05:19"	2	2	2	3	3	3	4	3	3	2
249	63	"a"	"Feb 06 2017, 11:54:56"	2	3	1	3	2	2	3	3	3	2
250	63	"b"	"Jan 13 2017,  4:35:21"	3	3	2	3	4	2	2	3	3	3
251	63	"c"	"Feb 03 2017, 17:09:21"	4	2	2	5	3	3	2	2	2	3
252	63	"d"	"Jan 28 2017,  1:09:45"	1	0	2	2	2	2	1	2	3	2
253	64	"a"	"Jan 09 2017, 14:01:18"	2	2	1	2	2	2	2	3	2	3
254	64	"b"	"Jan 19 2017,  9:57:03"	2	3	4	2	4	3	3	2	3	2
255	64	"c"	"Jan 31 2017, 18:05:08"	2	2	2	1	1	2	3	0	3	1
256	64	"d"	"Feb 05 2017,  4:41:35"	3	1	3	2	2	0	2	1	3	2
257	65	"a"	"Jan 24 2017,  9:29:44"	2	2	3	3	3	2	2	4	3	3
258	65	"b"	"Dec 25 2016, 20:35:40"	2	2	3	3	3	3	3	2	3	3
259	65	"c"	"Feb 02 2017,  5:57:29"	2	2	1	2	2	2	2	2	2	2
260	65	"d"	"Feb 18 2017,  0:24:55"	2	1	2	2	1	3	3	4	2	3
261	66	"a"	"Jan 01 2017, 12:50:16"	2	3	2	3	3	2	3	3	2	2
262	66	"b"	"Jan 25 2017,  5:09:53"	1	3	0	3	2	2	3	2	4	3
263	66	"c"	"Dec 25 2016,  4:10:00"	1	2	3	3	2	2	3	1	3	3
264	66	"d"	"Jan 28 2017, 15:00:08"	2	1	4	2	3	4	2	3	3	3
265	67	"a"	"Jan 10 2017,  5:12:51"	1	1	3	2	2	2	2	3	2	3
266	67	"b"	"Feb 05 2017, 11:31:53"	4	1	2	4	2	3	4	2	2	4
267	67	"c"	"Feb 15 2017,  6:37:17"	2	3	3	1	2	2	3	2	3	2
268	67	"d"	"Jan 07 2017, 17:10:18"	3	2	2	4	2	2	2	3	3	4
269	68	"a"	"Jan 12 2017,  2:41:54"	4	2	3	3	2	3	2	2	3	4
270	68	"b"	"Jan 27 2017, 19:59:18"	3	3	2	4	3	3	3	3	2	4
271	68	"c"	"Jan 28 2017, 19:35:19"	1	2	2	4	4	2	2	3	4	2
272	68	"d"	"Jan 09 2017, 11:12:25"	3	2	1	2	2	3	2	3	2	3
273	69	"a"	"Jan 29 2017, 20:49:05"	3	3	2	3	3	2	2	3	3	3
274	69	"b"	"Feb 02 2017,  1:39:14"	2	3	3	3	3	3	1	2	3	3
275	69	"c"	"Jan 15 2017,  4:48:11"	3	2	2	2	3	3	3	2	2	3
276	69	"d"	"Jan 30 2017, 16:52:40"	2	2	2	2	3	2	3	2	1	2
277	70	"a"	"Feb 03 2017,  5:58:18"	3	3	2	3	3	2	4	4	3	2
278	70	"b"	"Jan 13 2017, 15:41:24"	3	2	3	3	3	3	3	2	4	3
279	70	"c"	"Feb 04 2017,  0:03:09"	2	3	3	2	2	2	2	2	2	3
280	70	"d"	"Feb 06 2017,  3:11:39"	3	1	2	3	3	4	3	2	1	3
281	71	"a"	"Jan 21 2017, 18:18:47"	3	1	4	3	3	2	3	3	2	2
282	71	"b"	"Jan 12 2017,  9:03:35"	3	2	1	3	2	1	3	4	4	2
283	71	"c"	"Mar 07 2017, 22:45:23"	3	0	3	2	3	1	2	3	2	3
284	71	"d"	"Feb 08 2017, 13:16:28"	3	1	3	2	3	3	2	3	2	1
285	72	"a"	"Jan 18 2017,  5:13:47"	1	2	2	3	2	1	2	2	3	4
286	72	"b"	"Dec 21 2016, 22:56:22"	3	1	3	2	2	2	3	2	3	2
287	72	"c"	"Jan 15 2017, 12:02:28"	4	2	3	2	4	2	2	3	3	3
288	72	"d"	"Feb 20 2017,  7:19:44"	4	2	2	3	3	2	3	3	2	3
289	73	"a"	"Jan 31 2017,  1:47:29"	2	2	2	3	2	2	2	4	2	3
290	73	"b"	"Jan 12 2017,  7:11:38"	2	1	2	2	3	2	3	3	3	2
291	73	"c"	"Feb 24 2017,  9:36:06"	4	0	3	3	3	3	3	2	3	4
292	73	"d"	"Feb 07 2017, 15:46:55"	3	2	2	1	3	3	4	2	4	3
293	74	"a"	"Jan 07 2017,  1:10:12"	3	3	1	2	3	1	3	3	2	3
294	74	"b"	"Feb 03 2017, 15:38:21"	3	1	2	0	2	3	4	3	2	2
295	74	"c"	"Feb 01 2017, 16:29:31"	4	1	2	3	3	3	3	3	1	4
296	74	"d"	"Jan 20 2017, 21:18:51"	2	2	2	3	1	3	1	3	3	2
297	75	"a"	"Jan 08 2017, 19:00:55"	4	1	1	2	2	2	2	2	3	3
298	75	"b"	"Feb 03 2017, 15:21:06"	2	2	2	3	2	3	3	4	2	4
299	75	"c"	"Feb 06 2017,  2:08:14"	3	1	3	2	4	1	3	4	3	2
300	75	"d"	"Jan 20 2017, 23:30:19"	3	3	2	1	1	3	1	1	3	1
301	76	"a"	"Jan 31 2017, 15:46:35"	1	2	2	3	2	2	3	2	3	2
302	76	"b"	"Jan 19 2017,  8:33:54"	3	1	2	2	3	2	2	3	1	2
303	76	"c"	"Jan 18 2017, 20:16:59"	2	2	3	3	2	2	4	2	3	2
304	76	"d"	"Jan 14 2017, 17:52:32"	2	2	3	3	3	1	2	3	3	3
305	77	"a"	"Jan 06 2017, 16:39:01"	1	3	3	2	4	3	3	4	2	1
306	77	"b"	"Feb 04 2017, 13:21:29"	4	2	2	1	3	3	2	3	2	3
307	77	"c"	"Jan 16 2017,  6:11:11"	2	3	3	4	3	1	2	2	2	4
308	77	"d"	"Feb 18 2017,  1:49:19"	3	2	2	2	2	3	2	3	2	3
309	78	"a"	"Jan 10 2017, 13:19:11"	3	1	3	3	3	2	4	2	3	3
310	78	"b"	"Jan 25 2017,  6:07:33"	2	2	3	1	2	1	2	3	1	3
311	78	"c"	"Jan 20 2017, 23:54:07"	2	3	3	1	4	3	3	2	4	3
312	78	"d"	"Jan 05 2017, 21:37:31"	3	1	3	3	2	3	3	3	2	1
313	79	"a"	"Jan 20 2017, 11:20:12"	3	2	2	3	3	4	1	3	3	3
314	79	"b"	"Jan 23 2017,  2:29:46"	3	2	3	1	3	3	2	2	2	3
315	79	"c"	"Jan 28 2017, 22:21:24"	3	4	3	3	2	3	3	2	1	3
316	79	"d"	"Feb 19 2017,  7:46:18"	3	2	3	3	1	2	3	3	2	3
317	80	"a"	"Jan 15 2017, 18:36:54"	3	2	2	2	3	2	2	2	3	3
318	80	"b"	"Feb 12 2017, 12:23:42"	5	0	1	2	2	2	2	3	1	2
319	80	"c"	"Jan 21 2017, 21:25:15"	3	2	4	2	3	2	2	2	3	3
320	80	"d"	"Jan 23 2017, 19:56:53"	3	2	2	2	2	2	4	3	4	3
321	81	"a"	"Feb 13 2017,  5:52:33"	2	3	2	3	3	3	4	3	2	2
322	81	"b"	"Jan 26 2017, 20:17:11"	3	2	3	3	2	3	1	4	3	2
323	81	"c"	"Jan 30 2017, 20:20:41"	2	3	3	3	3	2	1	2	2	2
324	81	"d"	"Jan 29 2017,  3:38:45"	3	1	2	2	3	2	3	4	2	3
325	82	"a"	"Jan 30 2017,  8:40:51"	3	1	2	4	3	2	2	3	2	3
326	82	"b"	"Jan 09 2017, 18:21:35"	2	1	3	3	2	3	2	4	4	2
327	82	"c"	"Jan 29 2017, 15:27:29"	3	1	3	3	3	3	3	3	3	1
328	82	"d"	"Jan 06 2017, 12:28:19"	3	3	2	1	3	2	2	3	3	1
329	83	"a"	"Jan 09 2017, 12:10:06"	2	1	2	4	3	3	2	4	3	3
330	83	"b"	"Dec 26 2016,  6:10:58"	3	3	3	2	5	2	2	3	3	2
331	83	"c"	"Feb 02 2017,  5:52:34"	3	3	3	2	3	1	3	2	3	3
332	83	"d"	"Jan 26 2017, 16:28:53"	2	1	2	2	2	3	2	3	1	2
333	84	"a"	"Feb 09 2017,  6:02:11"	2	1	2	2	3	2	3	3	3	2
334	84	"b"	"Feb 06 2017, 19:25:59"	2	2	4	3	3	2	2	2	3	3
335	84	"c"	"Jan 25 2017, 17:15:39"	2	2	2	3	3	1	3	3	4	4
336	84	"d"	"Feb 06 2017, 20:18:41"	3	4	2	2	2	3	3	2	1	2
337	85	"a"	"Feb 01 2017,  8:06:54"	3	2	2	1	2	2	3	2	3	2
338	85	"b"	"Jan 24 2017,  8:25:43"	2	2	3	2	2	2	3	2	3	2
339	85	"c"	"Jan 18 2017,  4:23:52"	3	2	2	3	2	2	2	3	3	4
340	85	"d"	"Feb 13 2017, 20:12:56"	2	2	3	3	1	2	3	2	2	3
341	86	"a"	"Jan 26 2017,  7:06:22"	2	1	2	3	2	4	4	2	2	3
342	86	"b"	"Jan 29 2017, 21:02:58"	2	3	2	2	1	2	2	3	2	3
343	86	"c"	"Jan 19 2017,  5:48:45"	2	2	2	3	2	2	1	2	3	3
344	86	"d"	"Jan 23 2017, 10:25:01"	3	2	2	2	2	3	3	2	2	3
345	87	"a"	"Jan 31 2017, 20:02:29"	4	2	2	2	2	2	2	2	2	2
346	87	"b"	"Feb 13 2017,  6:04:47"	4	2	4	3	4	2	3	2	2	2
347	87	"c"	"Jan 30 2017, 21:00:21"	4	2	3	3	3	4	3	2	2	2
348	87	"d"	"Feb 08 2017,  2:20:11"	3	3	2	3	4	3	1	4	2	2
349	88	"a"	"Jan 23 2017, 18:11:34"	3	2	1	2	1	3	4	3	2	3
350	88	"b"	"Jan 05 2017, 16:27:36"	2	3	2	3	2	2	1	3	3	3
351	88	"c"	"Jan 16 2017,  2:21:42"	2	1	2	3	2	3	2	1	2	3
352	88	"d"	"Jan 25 2017,  2:16:15"	3	1	3	1	2	4	2	1	2	4
353	89	"a"	"Feb 03 2017, 15:38:24"	1	2	2	2	3	2	1	3	3	2
354	89	"b"	"Jan 25 2017, 22:11:58"	3	1	2	2	3	3	2	3	2	2
355	89	"c"	"Jan 25 2017, 17:33:12"	2	1	2	2	2	3	3	2	1	2
356	89	"d"	"Jan 11 2017,  9:52:52"	3	3	4	2	3	3	2	3	2	2
357	90	"a"	"Feb 04 2017, 20:35:25"	1	2	3	3	3	3	2	3	2	2
358	90	"b"	"Feb 18 2017,  2:58:22"	3	2	1	4	1	3	3	2	3	2
359	90	"c"	"Feb 04 2017, 18:30:32"	3	2	2	2	0	3	3	4	2	3
360	90	"d"	"Jan 20 2017, 23:08:57"	2	2	2	3	3	3	3	2	2	3
361	91	"a"	"Jan 23 2017, 12:10:05"	3	3	3	2	2	3	2	2	2	1
362	91	"b"	"Feb 01 2017,  7:33:47"	2	2	2	3	2	2	2	4	4	3
363	91	"c"	"Jan 12 2017,  9:59:21"	2	2	3	1	2	4	2	3	3	3
364	91	"d"	"Jan 24 2017, 12:42:35"	1	1	2	2	3	1	4	3	3	3
365	92	"a"	"Jan 28 2017,  2:08:19"	2	2	3	2	2	3	2	3	1	1
366	92	"b"	"Jan 28 2017, 23:30:38"	3	1	2	2	1	1	3	2	3	4
367	92	"c"	"Feb 10 2017, 18:39:40"	2	1	2	2	3	1	1	2	1	4
368	92	"d"	"Jan 23 2017,  8:06:00"	3	1	2	2	2	3	3	3	3	1
369	93	"a"	"Jan 16 2017, 11:24:21"	1	2	3	2	2	2	1	2	4	3
370	93	"b"	"Jan 21 2017,  9:28:19"	1	2	2	3	2	2	2	2	3	1
371	93	"c"	"Feb 11 2017, 15:05:49"	3	2	4	2	2	2	2	3	3	4
372	93	"d"	"Jan 28 2017, 23:23:06"	4	2	3	2	3	4	3	4	2	2
373	94	"a"	"Jan 17 2017, 23:33:24"	3	3	3	3	4	1	2	1	2	3
374	94	"b"	"Jan 24 2017,  1:51:27"	2	2	3	2	1	3	3	3	2	2
375	94	"c"	"Feb 13 2017,  0:30:26"	2	0	2	2	2	2	3	3	2	3
376	94	"d"	"Feb 16 2017, 13:06:19"	2	3	3	2	3	4	2	2	1	3
377	95	"a"	"Jan 19 2017,  5:28:28"	2	2	3	3	4	3	2	1	2	2
378	95	"b"	"Jan 17 2017,  3:49:24"	2	2	4	2	4	3	4	2	2	4
379	95	"c"	"Jan 15 2017,  3:49:21"	2	2	2	3	2	2	3	3	4	3
380	95	"d"	"Feb 07 2017, 19:37:08"	3	2	2	3	2	1	1	2	2	3
381	96	"a"	"Jan 23 2017,  3:16:35"	1	3	3	3	2	4	3	4	2	2
382	96	"b"	"Feb 25 2017,  1:09:41"	2	1	2	2	1	2	2	2	2	2
383	96	"c"	"Feb 03 2017,  4:14:13"	2	1	2	2	4	2	1	3	3	2
384	96	"d"	"Dec 18 2016,  1:37:41"	3	1	1	1	3	3	2	2	2	4
385	97	"a"	"Feb 13 2017, 21:50:32"	3	3	1	3	4	3	3	3	2	2
386	97	"b"	"Jan 24 2017,  6:02:18"	3	2	2	2	2	1	2	2	1	2
387	97	"c"	"Jan 29 2017,  9:29:58"	4	1	3	2	4	2	2	2	2	2
388	97	"d"	"Feb 18 2017, 13:16:28"	3	2	3	2	2	3	4	2	2	2
389	98	"a"	"Feb 24 2017,  1:41:04"	2	3	3	2	2	2	2	3	3	3
390	98	"b"	"Jan 29 2017,  0:44:51"	2	2	2	1	1	1	3	1	3	2
391	98	"c"	"Jan 23 2017,  9:16:42"	2	2	2	3	3	2	3	3	2	2
392	98	"d"	"Jan 24 2017,  6:09:24"	3	1	3	3	3	3	4	1	3	4
393	99	"a"	"Jan 12 2017, 19:44:02"	2	1	2	2	4	3	2	3	2	3
394	99	"b"	"Jan 23 2017, 14:30:30"	2	3	2	2	1	2	3	3	3	2
395	99	"c"	"Feb 19 2017,  3:45:36"	2	2	2	3	2	3	2	3	3	3
396	99	"d"	"Jan 24 2017,  0:46:51"	3	2	2	2	1	2	2	1	3	1
397	100	"a"	"Jan 31 2017, 17:12:57"	3	2	3	2	3	2	2	2	4	2
398	100	"b"	"Feb 12 2017, 22:45:40"	3	1	2	3	4	2	4	0	2	3
399	100	"c"	"Jan 30 2017,  9:05:34"	2	1	2	3	0	2	4	3	3	3
400	100	"d"	"Feb 04 2017, 12:41:16"	4	3	2	3	3	1	2	3	2	2
401	101	"a"	"Feb 01 2017, 23:18:22"	3	3	1	4	3	1	3	2	3	3
402	101	"b"	"Jan 05 2017, 11:57:44"	2	3	3	3	2	3	2	3	4	3
403	101	"c"	"Jan 20 2017, 19:03:02"	3	1	3	3	2	1	1	3	3	2
404	101	"d"	"Feb 07 2017, 13:16:24"	3	1	1	3	2	3	4	1	5	4
405	102	"a"	"Jan 19 2017, 23:44:55"	2	1	3	1	2	3	1	3	4	2
406	102	"b"	"Feb 03 2017, 18:05:26"	3	2	1	2	2	1	1	3	3	2
407	102	"c"	"Jan 07 2017,  6:41:59"	4	3	3	2	2	1	2	3	4	2
408	102	"d"	"Feb 08 2017,  1:54:27"	3	2	4	4	3	4	4	2	4	1
409	103	"a"	"Jan 13 2017, 19:10:16"	1	2	3	3	2	4	2	3	2	1
410	103	"b"	"Feb 06 2017, 16:55:20"	3	1	3	3	2	2	3	3	3	4
411	103	"c"	"Feb 09 2017,  3:54:37"	3	2	3	4	1	2	3	2	2	4
412	103	"d"	"Jan 16 2017, 10:47:39"	2	2	3	2	2	2	3	3	3	3
413	104	"a"	"Jan 31 2017, 18:43:47"	2	3	3	3	2	3	4	3	3	2
414	104	"b"	"Feb 05 2017, 13:10:10"	2	2	3	3	3	3	2	2	1	3
415	104	"c"	"Jan 21 2017,  6:26:27"	3	3	2	3	2	2	3	4	4	2
416	104	"d"	"Jan 30 2017,  4:43:51"	3	3	1	3	2	3	3	3	2	4
417	105	"a"	"Jan 24 2017, 14:46:16"	2	2	2	4	2	2	2	3	3	2
418	105	"b"	"Jan 30 2017, 17:43:23"	2	1	2	2	3	1	2	2	1	2
419	105	"c"	"Feb 05 2017,  6:13:13"	1	1	2	2	3	2	3	4	2	2
420	105	"d"	"Feb 06 2017, 23:53:19"	2	2	2	2	1	2	3	2	3	3
421	106	"a"	"Jan 27 2017, 23:21:16"	1	3	4	4	2	4	4	2	2	4
422	106	"b"	"Jan 20 2017,  8:49:57"	3	2	1	3	3	2	3	2	2	2
423	106	"c"	"Jan 10 2017, 18:19:40"	3	1	2	2	2	2	3	4	3	2
424	106	"d"	"Feb 09 2017,  8:15:32"	3	3	3	2	3	3	1	2	3	3
425	107	"a"	"Jan 26 2017,  0:52:36"	3	2	3	3	4	4	3	3	3	3
426	107	"b"	"Dec 31 2016, 12:01:46"	3	3	3	3	3	3	3	3	2	2
427	107	"c"	"Jan 05 2017,  2:58:41"	2	1	3	3	2	2	2	2	2	2
428	107	"d"	"Feb 11 2017, 10:21:47"	2	3	2	1	2	3	3	4	4	0
429	108	"a"	"Feb 04 2017,  9:16:32"	2	2	2	2	2	2	2	2	2	3
430	108	"b"	"Feb 06 2017,  2:24:17"	3	3	3	2	3	2	3	1	2	3
431	108	"c"	"Feb 04 2017, 23:08:20"	3	3	2	3	3	2	2	3	2	2
432	108	"d"	"Jan 23 2017,  6:16:46"	3	2	3	2	2	2	1	3	2	4
433	109	"a"	"Jan 16 2017,  6:18:46"	3	3	4	2	2	3	3	3	1	2
434	109	"b"	"Jan 22 2017, 13:54:23"	2	2	2	3	2	2	2	2	2	4
435	109	"c"	"Jan 30 2017, 21:34:44"	4	3	2	2	4	3	3	3	3	2
436	109	"d"	"Jan 27 2017, 10:14:53"	2	2	4	2	3	2	3	3	3	3
437	110	"a"	"Jan 26 2017, 22:27:27"	2	1	4	2	2	2	4	1	2	2
438	110	"b"	"Jan 21 2017, 16:12:48"	3	1	2	2	3	2	3	1	4	4
439	110	"c"	"Jan 23 2017, 16:04:04"	3	1	3	3	3	4	3	1	2	3
440	110	"d"	"Feb 06 2017, 22:24:07"	1	0	3	3	1	2	2	4	3	2
441	111	"a"	"Feb 13 2017,  1:53:10"	3	0	4	1	4	2	3	4	2	2
442	111	"b"	"Jan 11 2017, 17:38:26"	2	3	2	3	2	1	2	2	3	1
443	111	"c"	"Jan 07 2017, 17:12:32"	1	1	2	3	2	3	2	2	4	2
444	111	"d"	"Feb 09 2017, 17:06:14"	2	2	2	2	2	2	2	2	2	2
445	112	"a"	"Jan 16 2017,  5:32:15"	2	3	2	2	2	3	2	3	3	3
446	112	"b"	"Jan 24 2017, 22:23:26"	3	2	1	3	3	2	3	3	2	1
447	112	"c"	"Feb 06 2017,  7:53:50"	1	2	3	3	3	3	5	3	4	2
448	112	"d"	"Feb 16 2017,  6:38:32"	2	1	2	3	3	2	3	4	2	2
449	113	"a"	"Jan 11 2017,  1:28:07"	3	2	4	3	0	3	3	2	2	3
450	113	"b"	"Feb 04 2017, 16:14:04"	3	1	2	2	4	1	3	3	3	3
451	113	"c"	"Jan 16 2017, 15:57:36"	3	1	3	3	2	3	2	3	3	2
452	113	"d"	"Feb 04 2017,  7:54:51"	3	3	3	3	3	3	2	2	3	3
453	114	"a"	"Jan 11 2017, 17:26:53"	2	2	2	2	3	1	2	2	2	2
454	114	"b"	"Feb 20 2017,  9:57:02"	2	2	3	3	2	4	2	2	2	2
455	114	"c"	"Jan 15 2017,  6:49:07"	2	1	2	4	3	3	2	3	3	2
456	114	"d"	"Jan 18 2017, 12:41:24"	3	1	1	2	3	3	4	3	2	2
457	115	"a"	"Jan 19 2017, 10:37:13"	4	3	2	2	3	2	4	4	3	4
458	115	"b"	"Jan 09 2017, 18:49:23"	2	2	2	4	2	2	3	2	2	2
459	115	"c"	"Feb 15 2017, 19:19:54"	2	2	3	2	2	3	3	3	2	3
460	115	"d"	"Jan 21 2017, 10:24:43"	2	2	2	2	3	3	2	2	3	2
461	116	"a"	"Jan 28 2017,  4:45:45"	2	1	3	2	3	3	4	5	3	2
462	116	"b"	"Jan 30 2017, 16:45:49"	2	2	3	3	2	3	1	1	2	2
463	116	"c"	"Jan 23 2017, 12:38:07"	3	1	2	2	4	1	2	2	1	1
464	116	"d"	"Feb 11 2017, 21:12:32"	3	2	4	1	2	2	2	3	3	2
465	117	"a"	"Jan 08 2017,  9:28:30"	2	1	2	2	4	3	3	2	2	2
466	117	"b"	"Feb 07 2017, 22:49:13"	2	1	2	2	2	2	1	3	3	3
467	117	"c"	"Feb 02 2017,  1:24:42"	3	2	3	4	2	2	3	4	2	2
468	117	"d"	"Jan 15 2017,  2:55:29"	2	2	3	4	4	2	2	3	3	3
469	118	"a"	"Jan 26 2017, 21:09:37"	3	3	4	2	2	3	3	3	2	2
470	118	"b"	"Feb 02 2017, 16:21:06"	2	2	3	3	2	1	2	3	3	3
471	118	"c"	"Jan 19 2017, 14:28:58"	2	2	2	4	3	3	4	2	2	2
472	118	"d"	"Jan 30 2017, 17:28:44"	3	1	1	4	3	2	1	3	2	1
473	119	"a"	"Jan 26 2017,  0:33:44"	2	3	3	3	3	3	3	1	2	3
474	119	"b"	"Jan 19 2017, 12:54:26"	2	3	2	2	2	2	3	3	3	2
475	119	"c"	"Jan 18 2017, 10:44:46"	4	0	1	3	3	3	4	3	2	3
476	119	"d"	"Jan 11 2017, 23:05:33"	3	2	3	2	2	1	2	3	2	2
477	120	"a"	"Jan 13 2017, 14:24:10"	2	1	2	1	2	2	2	2	2	2
478	120	"b"	"Feb 01 2017, 13:31:48"	2	3	2	3	3	2	2	3	2	3
479	120	"c"	"Feb 04 2017,  5:29:32"	3	1	2	2	2	2	2	3	3	3
480	120	"d"	"Jan 31 2017, 22:40:44"	2	1	2	3	2	2	2	3	2	3
481	121	"a"	"Feb 04 2017,  1:53:01"	2	1	2	1	3	3	2	3	2	2
482	121	"b"	"Jan 10 2017, 14:59:16"	3	1	3	2	3	4	3	3	4	2
483	121	"c"	"Jan 18 2017, 10:12:50"	3	1	3	2	3	2	2	3	3	1
484	121	"d"	"Jan 08 2017, 23:52:05"	2	3	2	3	3	4	4	3	3	3
485	122	"a"	"Jan 17 2017,  3:13:50"	2	0	1	2	4	3	2	3	2	3
486	122	"b"	"Jan 14 2017, 14:29:35"	2	3	3	2	1	3	2	4	2	2
487	122	"c"	"Feb 04 2017,  2:31:33"	3	2	3	1	2	3	2	2	3	2
488	122	"d"	"Jan 16 2017, 17:24:58"	3	1	3	3	3	3	3	3	4	3
489	123	"a"	"Jan 03 2017, 16:03:21"	2	2	2	3	2	2	3	3	3	2
490	123	"b"	"Jan 16 2017, 20:06:02"	2	4	2	2	3	3	3	3	3	2
491	123	"c"	"Feb 14 2017,  7:05:12"	2	2	3	2	2	2	4	2	2	4
492	123	"d"	"Feb 05 2017, 21:47:31"	3	2	2	3	3	3	2	2	2	4
493	124	"a"	"Jan 17 2017, 18:42:05"	2	2	2	3	2	2	4	2	2	4
494	124	"b"	"Jan 27 2017, 13:54:33"	1	3	1	2	3	3	2	3	1	2
495	124	"c"	"Feb 01 2017,  7:27:25"	3	2	2	2	2	1	3	3	1	3
496	124	"d"	"Jan 03 2017,  9:42:40"	3	1	3	2	3	2	3	2	3	3
497	125	"a"	"Jan 25 2017,  0:59:02"	2	1	2	1	3	2	2	2	3	3
498	125	"b"	"Jan 23 2017,  6:06:10"	2	2	3	3	2	2	2	2	4	2
499	125	"c"	"Jan 23 2017, 20:04:53"	2	2	4	3	2	3	3	2	4	3
500	125	"d"	"Feb 07 2017, 18:40:41"	2	2	2	2	3	3	2	4	3	3
501	126	"a"	"Jan 12 2017,  8:30:47"	3	3	3	2	3	4	2	3	3	3
502	126	"b"	"Jan 30 2017, 11:59:17"	2	1	2	3	2	4	2	3	2	3
503	126	"c"	"Jan 19 2017,  5:22:43"	2	1	2	3	3	2	4	2	2	4
504	126	"d"	"Jan 17 2017,  5:07:59"	4	2	3	2	2	3	2	3	2	2
505	127	"a"	"Jan 28 2017, 16:32:49"	2	2	2	2	3	2	4	3	4	2
506	127	"b"	"Jan 21 2017,  3:28:53"	2	2	3	2	3	2	3	3	3	2
507	127	"c"	"Jan 19 2017,  7:15:53"	3	2	3	2	1	2	3	2	2	3
508	127	"d"	"Jan 09 2017, 14:50:20"	3	2	2	3	3	2	3	1	2	2
509	128	"a"	"Feb 15 2017, 11:09:08"	4	2	3	2	1	2	3	1	3	2
510	128	"b"	"Jan 04 2017, 11:37:52"	3	2	3	3	1	3	3	0	4	2
511	128	"c"	"Jan 03 2017, 11:30:58"	2	3	2	2	3	3	4	3	3	2
512	128	"d"	"Feb 19 2017,  1:34:50"	2	2	2	3	2	2	1	2	2	3
513	129	"a"	"Feb 09 2017, 16:09:12"	2	1	2	4	4	3	3	3	2	2
514	129	"b"	"Feb 28 2017,  3:18:45"	3	2	2	2	2	3	3	3	2	3
515	129	"c"	"Jan 20 2017, 12:02:32"	2	3	2	4	2	1	2	2	3	3
516	129	"d"	"Jan 22 2017, 23:00:51"	3	2	3	3	2	4	2	3	3	3
517	130	"a"	"Feb 12 2017, 21:12:26"	3	3	3	3	2	3	3	2	3	2
518	130	"b"	"Jan 23 2017,  7:07:50"	4	1	2	2	3	2	2	3	3	2
519	130	"c"	"Jan 26 2017,  0:39:15"	2	2	3	3	3	1	1	3	3	4
520	130	"d"	"Feb 06 2017, 18:06:05"	3	3	3	3	3	3	2	3	2	2
521	131	"a"	"Jan 11 2017, 14:40:33"	2	2	2	3	2	2	2	2	2	4
522	131	"b"	"Jan 15 2017,  2:43:50"	2	2	2	2	2	1	3	3	2	2
523	131	"c"	"Feb 04 2017,  3:58:26"	2	3	3	3	4	2	3	2	3	3
524	131	"d"	"Feb 07 2017, 19:36:52"	3	2	3	2	3	4	2	4	1	3
525	132	"a"	"Jan 18 2017,  7:34:33"	2	1	3	2	2	3	3	3	3	1
526	132	"b"	"Feb 01 2017, 15:33:59"	2	2	3	2	2	2	3	2	1	3
527	132	"c"	"Jan 22 2017, 23:53:44"	3	2	2	3	3	3	2	2	3	2
528	132	"d"	"Feb 10 2017, 19:53:52"	2	2	3	3	2	3	2	3	3	3
529	133	"a"	"Jan 31 2017, 16:30:45"	3	2	2	2	4	3	2	2	2	4
530	133	"b"	"Jan 16 2017,  4:36:38"	2	2	4	2	1	3	1	2	3	3
531	133	"c"	"Feb 15 2017,  5:56:33"	3	3	2	1	2	2	2	1	3	3
532	133	"d"	"Jan 24 2017, 17:19:31"	3	1	4	3	3	2	3	3	2	1
533	134	"a"	"Feb 01 2017, 14:32:22"	3	2	2	2	3	2	2	1	4	3
534	134	"b"	"Feb 15 2017, 20:07:48"	3	2	2	2	3	3	2	2	3	3
535	134	"c"	"Feb 06 2017, 11:45:11"	2	2	3	2	3	3	1	2	3	3
536	134	"d"	"Jan 19 2017, 12:00:37"	3	3	2	2	2	4	2	2	4	2
537	135	"a"	"Feb 15 2017,  0:26:42"	3	2	2	2	2	3	3	3	2	2
538	135	"b"	"Jan 30 2017, 12:17:54"	2	2	2	3	2	2	4	4	3	4
539	135	"c"	"Feb 23 2017, 10:58:46"	3	2	4	2	3	2	3	3	2	3
540	135	"d"	"Jan 24 2017, 20:12:36"	2	2	3	2	3	2	1	3	2	4
541	136	"a"	"Jan 19 2017,  2:56:11"	1	2	1	2	3	2	2	1	2	2
542	136	"b"	"Jan 23 2017, 11:32:40"	1	2	2	3	1	4	3	1	1	2
543	136	"c"	"Feb 12 2017,  6:11:26"	1	2	3	4	2	4	3	3	2	2
544	136	"d"	"Feb 03 2017, 22:54:26"	2	1	3	4	3	2	3	2	3	2
545	137	"a"	"Feb 01 2017, 20:58:42"	3	1	2	3	4	3	3	3	2	3
546	137	"b"	"Jan 30 2017,  2:46:43"	4	3	2	3	2	2	1	3	1	2
547	137	"c"	"Feb 04 2017,  6:48:03"	3	2	2	2	2	1	3	3	1	3
548	137	"d"	"Feb 11 2017, 17:52:57"	3	2	3	2	3	3	2	4	3	2
549	138	"a"	"Jan 10 2017,  1:58:56"	2	2	1	2	3	4	2	1	2	3
550	138	"b"	"Jan 18 2017, 11:03:33"	1	3	4	3	1	3	2	3	3	2
551	138	"c"	"Jan 12 2017, 20:41:29"	3	3	2	3	2	4	2	2	3	4
552	138	"d"	"Jan 15 2017,  8:12:59"	3	1	3	1	3	2	3	3	2	4
553	139	"a"	"Jan 29 2017, 23:32:28"	3	2	2	3	1	5	3	2	3	3
554	139	"b"	"Jan 27 2017,  9:37:05"	1	3	3	1	3	2	3	2	2	3
555	139	"c"	"Feb 16 2017, 11:41:03"	2	1	2	3	2	2	3	2	2	3
556	139	"d"	"Feb 02 2017,  6:21:54"	3	1	3	0	2	2	2	2	2	3
557	140	"a"	"Jan 25 2017, 19:43:35"	3	3	2	3	2	2	3	3	2	3
558	140	"b"	"Jan 27 2017,  3:35:48"	2	2	2	3	3	3	2	2	1	1
559	140	"c"	"Feb 10 2017,  1:57:28"	1	2	3	2	3	3	3	2	2	3
560	140	"d"	"Jan 15 2017,  9:04:04"	3	1	1	2	2	1	3	3	2	2
561	141	"a"	"Feb 04 2017, 22:57:31"	3	2	3	2	3	4	3	3	3	2
562	141	"b"	"Jan 31 2017,  7:11:17"	2	1	2	3	3	2	1	2	2	2
563	141	"c"	"Jan 01 2017, 18:22:30"	2	2	2	2	3	2	2	3	2	3
564	141	"d"	"Jan 14 2017, 15:03:38"	4	1	2	3	4	2	3	2	3	2
565	142	"a"	"Jan 20 2017, 21:42:16"	3	1	2	4	2	2	3	3	3	3
566	142	"b"	"Jan 24 2017, 14:12:06"	2	2	3	3	2	2	2	2	1	3
567	142	"c"	"Jan 24 2017, 22:51:03"	2	3	2	2	3	2	3	3	2	4
568	142	"d"	"Jan 08 2017, 14:04:18"	2	3	4	1	3	2	1	2	3	2
569	143	"a"	"Feb 15 2017, 23:07:25"	3	2	3	3	3	3	3	4	2	4
570	143	"b"	"Jan 23 2017,  4:05:46"	3	1	2	2	3	2	5	2	1	2
571	143	"c"	"Jan 19 2017,  2:47:11"	5	2	2	2	3	3	2	3	3	2
572	143	"d"	"Jan 20 2017, 21:15:40"	3	3	3	2	2	3	1	2	3	2
573	144	"a"	"Feb 15 2017, 21:20:05"	2	2	2	2	3	3	2	3	1	2
574	144	"b"	"Feb 05 2017,  2:09:05"	2	2	2	3	2	3	2	3	3	4
575	144	"c"	"Jan 28 2017, 14:36:18"	3	1	3	3	4	3	3	3	1	2
576	144	"d"	"Feb 13 2017,  9:18:43"	2	2	2	2	4	3	1	3	3	2
577	145	"a"	"Jan 23 2017, 21:28:38"	2	3	2	3	3	2	4	3	2	2
578	145	"b"	"Feb 05 2017,  4:21:34"	3	2	2	3	3	2	2	2	2	2
579	145	"c"	"Jan 13 2017, 15:56:16"	3	1	3	2	1	3	1	2	2	2
580	145	"d"	"Feb 13 2017, 18:15:15"	2	1	4	3	1	2	2	2	2	2
581	146	"a"	"Feb 14 2017, 23:32:50"	2	0	3	1	4	4	3	3	3	1
582	146	"b"	"Jan 24 2017, 13:02:09"	2	2	4	2	3	3	2	3	2	2
583	146	"c"	"Jan 07 2017,  4:18:30"	2	2	2	2	4	3	3	2	3	3
584	146	"d"	"Jan 06 2017, 16:54:22"	2	2	2	3	2	3	3	2	1	3
585	147	"a"	"Jan 25 2017, 10:34:19"	4	2	3	3	2	2	3	2	2	1
586	147	"b"	"Feb 04 2017, 21:27:03"	3	3	2	2	3	1	3	3	3	2
587	147	"c"	"Jan 31 2017,  8:22:46"	3	2	4	1	3	2	2	3	3	2
588	147	"d"	"Jan 20 2017, 16:21:32"	4	1	3	3	3	3	2	2	2	3
589	148	"a"	"Jan 30 2017, 11:33:58"	2	1	2	3	3	4	3	2	2	2
590	148	"b"	"Jan 22 2017, 15:42:34"	2	2	3	2	2	3	3	2	4	3
591	148	"c"	"Jan 20 2017,  3:32:06"	3	1	2	2	4	3	4	2	4	2
592	148	"d"	"Feb 10 2017, 22:58:07"	4	1	1	4	3	2	4	2	3	3
593	149	"a"	"Jan 31 2017, 16:00:49"	2	2	2	2	3	2	3	2	3	4
594	149	"b"	"Feb 07 2017,  7:01:20"	2	3	3	3	3	4	3	2	2	3
595	149	"c"	"Feb 15 2017, 19:12:05"	2	2	2	2	2	2	3	1	3	2
596	149	"d"	"Jan 19 2017, 18:18:41"	2	1	3	2	2	3	3	2	4	2
597	150	"a"	"Jan 16 2017,  2:24:57"	2	3	2	2	3	4	2	2	2	3
598	150	"b"	"Feb 09 2017, 16:29:18"	3	1	2	3	3	3	4	3	3	1
599	150	"c"	"Jan 21 2017,  7:15:46"	2	2	2	2	3	3	3	3	3	4
600	150	"d"	"Feb 08 2017,  4:19:08"	3	2	1	1	4	2	3	3	2	2
601	151	"a"	"Jan 25 2017,  6:14:13"	1	2	2	2	1	3	2	2	3	2
602	151	"b"	"Jan 20 2017,  7:53:37"	2	2	3	3	2	3	3	2	0	1
603	151	"c"	"Jan 27 2017, 10:07:29"	2	1	3	3	3	2	2	2	1	4
604	151	"d"	"Jan 25 2017, 11:37:03"	3	2	3	2	2	1	3	4	2	3
605	152	"a"	"Jan 05 2017, 15:11:51"	2	3	4	2	3	3	4	3	3	2
606	152	"b"	"Feb 03 2017, 19:42:37"	3	3	2	3	3	3	4	2	4	2
607	152	"c"	"Jan 29 2017,  0:12:15"	4	3	2	3	2	2	2	2	3	2
608	152	"d"	"Jan 24 2017, 22:17:38"	2	3	3	4	2	3	3	2	3	4
609	153	"a"	"Feb 05 2017,  5:02:09"	3	1	3	3	3	4	3	3	3	4
610	153	"b"	"Jan 27 2017, 15:35:28"	2	2	2	2	3	2	4	3	1	3
611	153	"c"	"Jan 07 2017,  5:29:36"	3	3	3	1	3	2	2	3	1	3
612	153	"d"	"Jan 28 2017, 10:22:50"	2	3	4	1	2	4	3	2	1	3
613	154	"a"	"Jan 22 2017,  9:29:57"	2	3	1	2	2	3	3	1	2	2
614	154	"b"	"Jan 25 2017, 13:37:28"	1	3	3	2	3	3	3	2	2	2
615	154	"c"	"Feb 02 2017, 17:05:17"	3	3	3	2	3	2	3	2	2	4
616	154	"d"	"Jan 24 2017,  0:41:12"	2	3	3	3	3	2	4	2	1	2
617	155	"a"	"Feb 15 2017,  0:10:05"	3	2	2	4	2	3	3	1	2	1
618	155	"b"	"Dec 28 2016,  4:12:26"	3	1	2	3	3	3	2	3	3	3
619	155	"c"	"Jan 23 2017, 18:56:49"	3	2	4	1	3	4	2	2	2	2
620	155	"d"	"Jan 11 2017,  6:20:43"	1	1	2	3	4	2	2	3	3	3
621	156	"a"	"Jan 26 2017, 20:58:32"	3	3	3	3	2	3	4	2	3	4
622	156	"b"	"Jan 15 2017, 18:54:26"	3	0	2	4	2	3	2	2	1	4
623	156	"c"	"Feb 03 2017, 23:26:27"	2	1	3	2	4	3	2	2	3	4
624	156	"d"	"Feb 09 2017, 20:50:41"	2	2	1	3	3	2	3	4	1	2
625	157	"a"	"Jan 22 2017,  3:54:42"	3	0	2	2	3	3	2	3	3	2
626	157	"b"	"Jan 28 2017, 10:51:22"	3	0	3	3	1	2	2	1	3	2
627	157	"c"	"Mar 08 2017,  9:27:56"	3	2	2	2	3	3	2	3	3	3
628	157	"d"	"Feb 10 2017, 13:18:53"	2	0	3	3	2	1	3	3	3	3
629	158	"a"	"Jan 28 2017,  7:36:02"	1	2	1	3	4	3	3	1	2	2
630	158	"b"	"Jan 20 2017, 17:49:45"	4	2	3	3	3	3	3	4	3	2
631	158	"c"	"Feb 21 2017, 15:17:51"	4	3	1	3	3	2	1	2	2	1
632	158	"d"	"Dec 31 2016, 20:21:28"	4	1	3	4	2	4	3	3	1	2
633	159	"a"	"Jan 28 2017, 12:10:54"	1	2	2	0	2	3	1	3	3	3
634	159	"b"	"Jan 13 2017,  2:48:21"	2	2	3	3	2	3	2	2	3	3
635	159	"c"	"Mar 08 2017,  9:24:49"	2	1	2	3	4	3	1	2	2	2
636	159	"d"	"Feb 07 2017, 10:13:46"	3	3	2	3	2	2	2	3	2	2
637	160	"a"	"Feb 05 2017,  1:35:20"	1	1	3	4	1	1	1	4	3	3
638	160	"b"	"Jan 17 2017, 20:28:20"	4	1	3	2	3	3	2	3	3	3
639	160	"c"	"Jan 26 2017, 16:26:42"	3	2	2	3	3	4	2	3	2	3
640	160	"d"	"Jan 15 2017, 19:17:32"	3	3	2	1	2	4	3	2	2	2
641	161	"a"	"Feb 14 2017, 17:01:57"	2	1	4	4	2	3	2	4	2	3
642	161	"b"	"Jan 28 2017, 17:34:59"	2	3	1	4	3	4	2	3	2	2
643	161	"c"	"Feb 03 2017,  2:17:03"	3	1	2	2	2	3	2	3	2	1
644	161	"d"	"Jan 28 2017,  1:07:31"	2	3	2	2	3	3	2	3	3	2
645	162	"a"	"Jan 25 2017,  3:30:12"	2	1	3	3	2	2	1	3	2	1
646	162	"b"	"Jan 27 2017,  9:41:42"	2	1	2	4	2	3	4	4	2	2
647	162	"c"	"Feb 04 2017, 18:37:37"	3	2	3	3	3	2	3	3	3	1
648	162	"d"	"Feb 07 2017, 12:33:43"	2	2	3	2	2	2	3	2	3	1
649	163	"a"	"Jan 12 2017, 14:18:56"	2	3	2	3	2	2	2	2	1	2
650	163	"b"	"Feb 11 2017, 13:00:14"	2	2	3	2	2	3	3	1	3	2
651	163	"c"	"Jan 19 2017, 21:26:42"	2	1	3	2	2	3	2	1	3	4
652	163	"d"	"Jan 19 2017, 20:26:41"	3	3	3	2	2	3	3	3	3	3
653	164	"a"	"Feb 18 2017, 16:11:20"	4	2	2	3	2	2	3	2	2	3
654	164	"b"	"Jan 07 2017,  0:10:37"	2	3	3	1	2	3	2	3	3	1
655	164	"c"	"Jan 01 2017, 17:20:06"	2	1	3	4	2	3	3	3	2	3
656	164	"d"	"Jan 13 2017, 12:32:37"	2	1	2	3	2	3	2	2	3	3
657	165	"a"	"Jan 09 2017, 10:18:14"	3	2	2	2	2	3	3	1	1	3
658	165	"b"	"Jan 22 2017,  5:21:07"	4	2	3	4	1	3	1	3	3	2
659	165	"c"	"Feb 10 2017,  5:20:28"	3	0	2	4	2	4	3	2	2	3
660	165	"d"	"Jan 21 2017,  3:52:20"	2	3	2	3	3	3	2	3	2	5
661	166	"a"	"Feb 03 2017, 18:44:48"	2	1	2	3	3	3	3	2	2	2
662	166	"b"	"Jan 29 2017,  4:02:30"	3	3	2	3	2	3	2	2	3	4
663	166	"c"	"Jan 26 2017,  1:08:16"	3	3	3	2	3	4	5	2	2	2
664	166	"d"	"Jan 09 2017, 19:00:06"	2	2	3	2	1	3	3	3	2	3
665	167	"a"	"Jan 08 2017,  3:59:21"	4	3	2	3	2	3	3	3	3	3
666	167	"b"	"Feb 07 2017, 13:39:14"	1	3	4	2	2	2	3	3	4	1
667	167	"c"	"Jan 16 2017, 10:13:13"	2	2	3	3	3	3	3	2	3	2
668	167	"d"	"Jan 19 2017, 17:22:31"	2	2	3	2	2	2	3	2	3	3
669	168	"a"	"Jan 03 2017, 18:14:49"	2	3	3	1	2	3	2	3	3	2
670	168	"b"	"Jan 17 2017, 19:47:52"	2	1	2	2	3	3	1	3	2	2
671	168	"c"	"Feb 05 2017,  9:26:08"	2	1	3	2	3	2	2	2	2	3
672	168	"d"	"Feb 04 2017,  8:05:06"	2	3	2	3	4	2	2	1	3	4
673	169	"a"	"Feb 02 2017,  9:02:14"	3	2	3	3	2	1	2	3	2	4
674	169	"b"	"Jan 03 2017,  8:57:40"	2	1	2	2	2	3	3	3	2	3
675	169	"c"	"Jan 15 2017, 13:19:42"	3	3	2	3	2	3	1	3	1	2
676	169	"d"	"Jan 19 2017, 16:50:58"	3	2	2	3	1	3	3	3	3	1
677	170	"a"	"Feb 06 2017,  8:54:48"	2	2	2	3	2	2	2	3	2	4
678	170	"b"	"Jan 13 2017, 10:54:26"	3	3	2	3	2	3	2	2	4	2
679	170	"c"	"Feb 03 2017,  9:22:19"	2	2	2	3	3	4	2	2	3	2
680	170	"d"	"Jan 16 2017,  6:33:53"	4	2	2	3	4	3	2	0	2	4
681	171	"a"	"Feb 02 2017, 22:28:36"	2	3	2	4	3	2	3	2	1	2
682	171	"b"	"Jan 25 2017, 22:14:51"	3	1	2	1	1	2	2	1	2	2
683	171	"c"	"Feb 07 2017, 13:18:47"	3	3	3	4	2	2	2	3	2	2
684	171	"d"	"Feb 02 2017, 15:26:24"	3	2	2	3	3	1	3	2	2	2
685	172	"a"	"Jan 21 2017, 23:43:33"	2	2	2	4	2	2	4	3	2	2
686	172	"b"	"Jan 22 2017,  2:24:38"	1	1	2	3	2	3	2	3	2	3
687	172	"c"	"Feb 03 2017, 14:52:07"	3	4	2	2	1	3	3	3	2	1
688	172	"d"	"Jan 31 2017,  1:41:00"	1	2	3	3	2	4	3	3	2	3
689	173	"a"	"Feb 09 2017,  4:39:19"	2	2	1	3	2	2	2	3	1	2
690	173	"b"	"Jan 26 2017, 22:27:53"	2	3	3	4	3	2	3	2	3	2
691	173	"c"	"Feb 02 2017, 18:24:33"	4	1	2	2	3	3	2	3	4	3
692	173	"d"	"Jan 26 2017,  1:18:52"	2	2	4	3	1	3	4	3	2	2
693	174	"a"	"Jan 14 2017, 17:53:12"	3	1	2	2	3	2	1	2	3	3
694	174	"b"	"Jan 23 2017, 23:08:53"	3	2	3	2	4	4	3	2	2	4
695	174	"c"	"Jan 16 2017, 16:57:05"	3	2	2	4	4	2	2	4	2	1
696	174	"d"	"Feb 06 2017,  7:47:28"	3	3	2	1	1	3	1	2	3	2
697	175	"a"	"Jan 19 2017,  0:49:59"	2	2	3	3	2	3	2	3	4	3
698	175	"b"	"Jan 22 2017,  6:59:50"	2	2	3	3	2	2	4	1	3	1
699	175	"c"	"Jan 23 2017, 17:31:48"	3	2	2	2	4	1	4	2	3	3
700	175	"d"	"Jan 26 2017, 19:12:19"	2	2	2	2	3	2	1	2	1	3
701	176	"a"	"Feb 08 2017,  2:48:55"	3	3	3	2	2	2	2	3	2	3
702	176	"b"	"Feb 10 2017, 18:46:50"	3	2	3	3	2	2	3	3	3	2
703	176	"c"	"Jan 24 2017, 13:04:22"	3	2	2	3	3	4	2	2	2	4
704	176	"d"	"Jan 12 2017, 23:59:08"	3	1	3	4	1	2	2	2	3	2
705	177	"a"	"Feb 08 2017, 20:41:01"	3	1	3	3	3	3	3	3	1	3
706	177	"b"	"Jan 28 2017, 12:17:16"	3	2	1	2	2	3	3	3	2	2
707	177	"c"	"Feb 09 2017, 18:14:11"	2	1	3	3	3	2	2	2	2	2
708	177	"d"	"Jan 22 2017, 18:35:27"	2	2	2	3	3	2	3	2	3	1
709	178	"a"	"Jan 20 2017, 22:37:29"	1	3	2	3	3	3	1	3	1	1
710	178	"b"	"Jan 20 2017,  5:00:18"	3	1	3	3	3	4	2	2	1	1
711	178	"c"	"Feb 17 2017, 23:33:46"	2	2	2	2	3	4	2	3	3	3
712	178	"d"	"Dec 31 2016, 15:40:32"	2	2	2	4	2	3	2	2	2	3
713	179	"a"	"Feb 13 2017,  5:05:23"	2	2	4	3	2	2	3	2	1	3
714	179	"b"	"Jan 15 2017,  8:28:47"	3	1	3	3	3	2	1	3	3	3
715	179	"c"	"Feb 06 2017,  9:42:51"	3	2	3	3	3	2	3	2	2	2
716	179	"d"	"Feb 23 2017, 19:49:42"	3	2	3	3	1	3	2	3	1	3
717	180	"a"	"Jan 10 2017, 23:03:14"	3	2	2	3	2	2	3	2	2	3
718	180	"b"	"Mar 01 2017, 18:42:04"	3	2	4	3	2	4	2	3	1	2
719	180	"c"	"Feb 01 2017,  2:57:46"	2	3	2	3	2	2	4	3	1	2
720	180	"d"	"Jan 31 2017, 22:46:28"	2	2	3	4	2	2	3	4	2	4
721	181	"a"	"Feb 02 2017, 12:55:38"	3	2	2	4	4	3	3	3	3	4
722	181	"b"	"Jan 16 2017,  3:59:27"	3	1	3	3	3	2	3	2	3	3
723	181	"c"	"Jan 19 2017,  1:51:41"	3	4	1	2	2	1	1	2	2	3
724	181	"d"	"Jan 28 2017,  9:09:57"	3	3	2	2	3	3	2	2	3	1
725	182	"a"	"Jan 29 2017, 22:35:14"	2	1	2	3	2	1	4	2	2	3
726	182	"b"	"Jan 22 2017,  5:24:06"	3	3	3	2	3	2	1	3	2	3
727	182	"c"	"Jan 25 2017,  2:47:48"	4	2	2	3	2	3	3	3	2	2
728	182	"d"	"Jan 25 2017, 16:28:01"	2	2	2	4	2	4	3	2	2	3
729	183	"a"	"Jan 16 2017, 15:14:55"	2	2	3	2	2	3	2	3	2	3
730	183	"b"	"Jan 19 2017,  1:55:38"	2	2	2	2	2	3	1	3	2	2
731	183	"c"	"Jan 21 2017, 14:34:43"	3	3	3	2	4	3	4	3	2	1
732	183	"d"	"Feb 06 2017,  8:46:54"	3	2	3	2	4	1	2	3	2	1
733	184	"a"	"Jan 17 2017, 18:54:19"	3	3	3	3	3	3	2	2	4	4
734	184	"b"	"Jan 22 2017,  1:38:24"	3	1	2	3	3	2	4	2	3	2
735	184	"c"	"Jan 08 2017, 23:18:51"	1	1	3	4	2	3	2	2	4	2
736	184	"d"	"Jan 24 2017, 19:08:39"	3	2	2	2	2	2	2	3	3	2
737	185	"a"	"Feb 09 2017, 15:20:21"	2	3	4	2	3	1	1	2	2	3
738	185	"b"	"Jan 08 2017,  8:38:23"	3	1	3	2	3	3	1	2	3	1
739	185	"c"	"Jan 26 2017, 14:09:26"	3	2	2	3	2	3	3	3	2	2
740	185	"d"	"Feb 06 2017, 11:35:44"	2	0	3	3	2	4	2	2	3	3
741	186	"a"	"Feb 13 2017, 16:58:32"	3	2	2	2	3	3	2	3	4	2
742	186	"b"	"Feb 01 2017, 17:36:10"	2	4	3	2	3	4	2	2	0	2
743	186	"c"	"Jan 18 2017, 21:23:10"	4	2	3	3	2	3	4	3	2	4
744	186	"d"	"Jan 26 2017,  8:11:48"	1	2	3	2	2	3	3	2	3	3
745	187	"a"	"Feb 02 2017, 15:41:17"	3	3	3	3	2	4	3	3	3	3
746	187	"b"	"Feb 05 2017, 17:23:42"	3	2	2	3	2	1	3	2	5	2
747	187	"c"	"Jan 08 2017, 20:51:10"	2	1	3	3	2	3	2	3	3	4
748	187	"d"	"Jan 24 2017, 18:05:48"	2	2	4	2	0	2	2	2	2	3
749	188	"a"	"Feb 15 2017,  2:48:30"	2	1	3	2	3	3	3	2	4	0
750	188	"b"	"Feb 03 2017, 23:15:16"	3	2	2	3	3	3	3	2	3	2
751	188	"c"	"Jan 07 2017, 23:12:21"	2	1	3	3	3	3	4	3	3	3
752	188	"d"	"Jan 16 2017,  5:39:59"	2	2	3	4	1	3	3	2	1	3
753	189	"a"	"Feb 06 2017,  7:58:38"	3	2	2	3	2	3	3	1	3	3
754	189	"b"	"Jan 14 2017, 22:15:23"	2	2	3	3	4	2	2	2	2	1
755	189	"c"	"Jan 11 2017, 20:57:51"	2	3	4	4	3	2	3	2	3	2
756	189	"d"	"Jan 10 2017,  9:38:34"	3	2	2	3	3	1	2	3	3	3
757	190	"a"	"Jan 28 2017, 22:06:28"	3	3	2	2	3	3	2	3	2	2
758	190	"b"	"Jan 22 2017,  7:39:27"	2	2	3	1	2	3	3	3	4	2
759	190	"c"	"Jan 25 2017, 22:22:01"	4	1	3	2	4	3	2	3	1	3
760	190	"d"	"Jan 21 2017,  0:17:12"	3	1	2	3	2	2	3	2	2	3
761	191	"a"	"Feb 06 2017, 12:04:13"	2	1	3	2	2	3	1	3	2	2
762	191	"b"	"Jan 30 2017, 23:30:39"	3	3	3	2	3	3	4	3	2	3
763	191	"c"	"Feb 05 2017, 22:35:13"	2	1	2	2	4	2	2	1	2	5
764	191	"d"	"Jan 15 2017, 17:38:59"	3	2	2	2	3	3	1	3	4	3
765	192	"a"	"Jan 16 2017,  4:25:01"	3	2	1	2	2	3	3	3	3	2
766	192	"b"	"Feb 20 2017,  6:08:24"	2	2	2	2	3	1	3	3	5	2
767	192	"c"	"Feb 17 2017, 22:29:45"	2	3	3	3	1	5	3	3	2	2
768	192	"d"	"Jan 24 2017, 23:40:42"	2	3	2	1	3	2	1	2	2	3
769	193	"a"	"Jan 16 2017,  2:29:20"	3	4	2	3	3	2	2	1	4	2
770	193	"b"	"Jan 18 2017, 20:04:56"	3	3	2	4	3	3	2	2	3	4
771	193	"c"	"Feb 02 2017, 14:10:50"	3	1	3	2	3	2	3	3	2	2
772	193	"d"	"Feb 19 2017,  1:46:18"	3	2	3	3	3	3	2	2	3	3
773	194	"a"	"Feb 09 2017,  8:21:25"	2	2	3	3	3	3	1	3	3	2
774	194	"b"	"Jan 31 2017, 11:48:11"	1	2	3	3	3	2	2	3	3	0
775	194	"c"	"Feb 15 2017, 23:27:15"	1	1	2	3	1	1	3	2	3	3
776	194	"d"	"Jan 23 2017,  0:30:02"	3	3	1	2	3	3	3	1	3	2
777	195	"a"	"Jan 31 2017, 16:58:04"	3	2	2	2	2	2	2	2	2	2
778	195	"b"	"Jan 24 2017,  6:58:43"	2	1	3	1	2	2	2	2	4	3
779	195	"c"	"Jan 11 2017, 18:01:52"	2	2	2	4	1	3	4	3	2	4
780	195	"d"	"Jan 12 2017,  7:05:02"	2	3	2	1	2	3	3	2	2	1
781	196	"a"	"Jan 13 2017, 22:04:49"	4	1	1	1	3	1	3	3	4	3
782	196	"b"	"Jan 27 2017,  2:11:26"	2	2	0	2	3	3	2	2	2	3
783	196	"c"	"Feb 06 2017,  9:23:54"	3	0	2	2	4	3	3	2	2	3
784	196	"d"	"Jan 16 2017, 10:15:35"	2	2	3	2	4	3	3	3	3	2
785	197	"a"	"Dec 24 2016, 21:33:16"	1	2	1	2	1	2	1	2	3	2
786	197	"b"	"Jan 30 2017, 23:44:47"	2	1	3	2	3	1	2	3	3	3
787	197	"c"	"Jan 26 2017, 15:47:18"	3	4	3	3	2	3	1	3	3	3
788	197	"d"	"Jan 22 2017, 20:43:15"	2	3	2	3	3	1	2	2	3	2
789	198	"a"	"Feb 10 2017, 23:20:36"	4	1	3	3	4	4	2	2	2	2
790	198	"b"	"Jan 16 2017, 16:02:42"	3	2	2	2	3	3	3	3	3	3
791	198	"c"	"Feb 04 2017, 15:08:07"	2	2	2	4	2	3	2	4	2	3
792	198	"d"	"Jan 29 2017, 18:33:21"	2	3	3	1	4	3	3	2	3	3
793	199	"a"	"Jan 27 2017,  4:43:19"	3	2	2	3	1	3	2	4	4	2
794	199	"b"	"Jan 17 2017, 18:15:10"	2	2	3	3	3	3	2	2	3	3
795	199	"c"	"Jan 09 2017, 14:27:28"	2	2	3	2	2	2	2	3	3	1
796	199	"d"	"Jan 30 2017, 17:50:39"	2	2	1	3	1	2	1	2	2	2
797	200	"a"	"Jan 15 2017,  9:17:51"	3	3	2	2	3	2	2	2	2	3
798	200	"b"	"Jan 10 2017, 21:18:15"	3	4	2	2	3	4	3	2	4	2
799	200	"c"	"Jan 23 2017,  6:35:47"	3	3	4	1	3	2	2	2	4	3
800	200	"d"	"Feb 06 2017,  7:55:58"	2	1	3	2	2	2	2	4	3	2
